00100000000000010000000000000001
00100000000000100000000000000001
00100000000000110000000000000011
00000000000000000000000000100000
00000000000000000000000000100000
00000000000000000000000000100000
00000000000000000000000000100000
00000000000000000000000000100000
00100000001000010000000000001010
00100000010000100000000000000001
00000000000000000000000000100000
00000000000000000000000000100000
00000000000000000000000000100000
00000000000000000000000000100000
00000000000000000000000000100000
00010100010000110000000000001000
00000000000000000000000000100000
00000000000000000000000000100000
00000000000000000000000000100000
00000000000000000000000000100000
00000000000000000000000000100000
00010000000000000000000000010101
