00000000000000000000000000000000
00000000000000000000000000000000
00000000000000000000000000001000
00000000000000000000000000001001
00000000000000000000000000000000
00000000000000000000000000001011
00000000000000000000000000000100
00000000000000000000000000000010
00000000000000000000000000001001
00000000000000000000000000000110
00000000000000000000000000000000
00000000000000000000000000000000
00000000000000000000000000000000
00000000000000000000000000000000
00000000000000000000000000000000
00000000000000000000000000000000
00000000000000000000000000000000
00000000000000000000000000000000
00000000000000000000000000000000
00000000000000000000000000000000
00000000000000000000000000000000
00000000000000000000000000000000
00000000000000000000000000000000
00000000000000000000000000000000
00000000000000000000000000000000
00000000000000000000000000000000
00000000000000000000000000000000
00000000000000000000000000000000
00000000000000000000000000000000
00000000000000000000000000000000
00000000000000000000000000000000
00000000000000000000000000000000
